Waypoints
10.7729532833333,106.6597819
10.7728129,106.659863283333
10.7728637666667,106.659895833333
10.77295735,106.659847
10.7729532833333,106.6597819
Positions
10.772945149999998,106.65979818333332,1.785773841664195,-0.8900007077027112,1.388,-1.377793978385009,-10.0
10.772941083333334,106.65979818333332,1.7882102396106347,-1.339824030175805,1.388,-1.6040114085369204,10.0
10.77293295,106.65979818333332,1.7930830327095464,-2.2394706753548235,1.388,-1.323441650404395,0.0
10.772926833333335,106.65979818333332,1.796747610438615,-2.9160491973161697,1.388,-1.1095478155678908,0.0
10.772918699999998,106.65979818333332,1.801620397134684,-3.8156958422623575,1.388,-1.0000262407969742,0.0
10.772910566666667,106.65981445000001,3.585571667761542,-4.7057063658721745,1.388,-0.9301954254384633,-30.0
10.772902433333336,106.65981445000001,3.590444495086558,-5.605353016173467,1.388,-1.3322151762080754,0.0
10.772894283333335,106.65981445000001,3.5953273040940985,-6.506843204377219,1.388,-1.4028274278325816,20.0
10.77288615,106.65981445000001,3.6002001240849495,-7.40648985421285,1.388,-1.0525626235040582,10.0
10.77288005,106.65983073333334,5.3847562381997705,-8.071578779723495,1.388,-0.639853272118049,-30.0
10.772878016666668,106.65983073333334,5.385974453878589,-8.296490442939103,1.388,-0.606979227711865,-30.0
10.772869866666667,106.65983073333334,5.390857299906202,-9.19798063696362,1.388,-1.0015870538404477,-10.0
10.772863766666667,106.65984699999998,7.173590727383271,-9.863079359289259,1.388,-1.1693294614257312,-20.0
10.7728536,106.65984699999998,7.179681854438968,-10.987637686775997,1.388,-1.3494245240584672,0.0
10.772843416666667,106.65984699999998,7.185782961314544,-12.114039551699534,1.388,-1.4290883324364967,10.0
10.77283325,106.65984699999998,7.19187407696154,-13.238597877556458,1.388,-1.0783055318392738,10.0
10.772829183333332,106.65986328333332,8.9752123526996,-13.67877500015311,1.388,-0.677526954513925,-30.0
10.772825116666668,106.65986328333332,8.977648820378818,-14.128598333569244,1.388,-0.7076259428627305,-30.0
10.772819016666665,106.65987955,10.76038259791676,-14.793696913635358,1.388,-0.9783463891472313,-20.0
10.772810866666669,106.65987955,10.765265561291017,-15.695187124889344,1.388,-1.209024409628342,20.0
REACHED WAYPOINT
10.772800700000001,106.65987955,10.771356778335758,-16.81974546588026,1.388,-0.6521267939372161,20.0
10.772798666666665,106.65987955,10.772575021139346,-17.044657134683803,1.388,-0.6254339901566025,20.0
10.772796633333334,106.65989583333334,12.554695313679986,-17.259922433178872,1.388,-0.20125810483767093,20.0
10.772796633333334,106.65989583333334,12.554695313679986,-17.259922433178872,1.388,0.158750575998764,20.0
10.772798666666665,106.65991211666666,14.334379111067392,-17.0253642979078,1.388,0.49910505176861325,20.0
10.772806800000001,106.65991211666666,14.32950604299549,-16.125717610819265,1.388,0.8652225595199534,20.0
10.7728129,106.65991211666666,14.325851239729673,-15.450982595561072,1.388,1.181441645008844,20.0
10.772821050000001,106.65991211666666,14.320968179497868,-14.549492369638756,1.388,1.5246590541639096,20.0
10.772827150000001,106.65991211666666,14.317313371226192,-13.874757354147732,1.388,1.8943889047746874,-20.0
10.77283325,106.65991211666666,14.313658560975455,-13.200022338191047,1.388,1.99435892086797,-30.0
10.772843416666667,106.65989583333334,12.526665417593904,-12.08511048136279,1.388,1.5291901557948895,-20.0
10.772851566666668,106.65989583333334,12.521782391704619,-11.183620261028409,1.388,1.3565293056577308,-10.0
10.7728597,106.65991211666666,14.297811040538363,-10.274327060673386,1.388,1.1999667267691445,20.0
10.772867833333331,106.65991211666666,14.292937945225276,-9.374680371256545,1.388,1.4580158557913636,20.0
REACHED WAYPOINT
10.772878016666668,106.65989583333334,12.505935000139289,-8.257925002835691,1.388,2.085773524954194,10.0
10.77288005,106.65989583333334,12.504716736613773,-8.033013332635164,1.388,2.09880343756459,10.0
10.772884116666667,106.65989583333334,12.50228020886425,-7.583189990604296,1.388,2.563060582262769,-20.0
10.77288615,106.65987955,10.720160421333276,-7.367924765218049,1.388,2.644375419753307,-30.0
10.772890216666667,106.65987955,10.71772391605191,-6.91810142621398,1.388,2.2426034708308933,-20.0
10.772896316666667,106.65986328333332,8.934990533278324,-6.253002904355526,1.388,2.049761448366094,-30.0
10.772904466666667,106.65986328333332,8.930107579450123,-5.351512695429847,1.388,1.7975551755340688,-10.0
10.772914633333334,106.65986328333332,8.924016364151612,-4.226954356068745,1.388,1.6024870030616434,10.0
10.772922766666666,106.65986328333332,8.919143387814984,-3.327307684579864,1.388,1.823912352499524,0.0
10.772928866666666,106.65984699999998,7.134587408858351,-2.6622189730405807,1.388,1.97115653124525,-30.0
10.772937016666667,106.65984699999998,7.129704488441348,-1.7607287687715143,1.388,1.8166022329137632,-10.0
10.772945149999998,106.65984699999998,7.1248315499396995,-0.8610821024049073,1.388,1.5725396314649587,10.0
10.772955316666666,106.65984699999998,7.118740371777676,0.2634762309025973,1.388,1.8320356558903736,20.0
10.772961433333334,106.65983073333334,5.33599746634718,0.9304184170905501,1.388,2.171377369455168,10.0
REACHED WAYPOINT
10.772963466666665,106.65983073333334,5.334779241238721,1.1553300824016333,1.388,2.7576505868800254,20.0
10.772963466666665,106.65983073333334,5.334779241238721,1.1553300824016333,1.388,2.8562176375073847,20.0
10.772963466666665,106.65981445000001,3.5538782307412475,1.1456839493475854,1.388,-3.0827194865142005,10.0
10.772959383333333,106.65981445000001,3.556324642035179,0.6940170843154192,1.388,-2.623092508335345,-20.0
10.772953283333333,106.65979818333332,1.780901042977348,0.009645938407629728,1.388,-2.5277942150508763,-30.0
10.772949216666666,106.65979818333332,1.7833374427864328,-0.44017738476395607,1.388,-2.8757087764619564,-30.0
10.772947183333335,106.6597819,0.0036545634502545,-0.6747349756769836,1.388,3.0379325751254815,-10.0
10.772947183333335,106.6597819,0.0036545634502545,-0.6747349756769836,1.388,2.8650353550477257,0.0
10.772947183333335,106.6597819,1.388,2.8650353550477257,
REACHED WAYPOINT